759,-524,-749,92,-499,681,486
J942,m245,Tw31=5,e842
268,-310,-605,978,724,-804,-5,-17,108,-972,551,-137
-229,330,378,458,-473,34,743,-190,-866,-695,-582,924,-542,569,-22,-769,-182,227
-69,-320,-222
-.43,.90
750,515,615,-562,865,484,751,-776,-625
.92,-.66
704,844,-33,-552,720,833,411,-403,-792,-771,791,-175
-30,638,698,-994,-152,714,751,724,-620,-883,-695,-538,-727,-482,408,-364
41
1,-260,860,203,445,-854,297,817,-368,163,301,-288,342,-630
-33.1396,73.9907,95.243,-88.73,29.035,23.8,-52.119,49.124,59.59,-84.3675,79.4,-44.402,57.87,2.1
-.60
321,-687
.48,-.88,-.82,-.32
727,866,414,-197,944,147,5,-27,681,817,-344,221,-685,234,261,-490
3:9w4,1D19
nm,Ot,Aoa
-589,370,-971,-111,-899,-973,-4,549,-347,-455,980,-124,759,458,151,-516,545,452

206497

*79M9[,Q814,lsY892,BoO245,"*4q88,u385,866{,10'I7',4j0S0,9t9o9v
 
,45,23,9,35,34
-96,-386,-506,-123,643,-384,587,586,60,276,-888,134,339,-380,-511,75,107,-36,-876,-485
633,832,-838,334
-455,230,-332,362,-610,-329,-497,635,581
,3,
   -61   ,   45 ,25 ,     -1   ,   -99     ,   -60   ,    13     ,   95   
MXN503,€772,$384,MXN147
7,41,-855
,42,46,10,10,5,
MXN809,€659,USD201,$617,€591
-33,-135,-369,-120,-290,-447,-54,-401,-387
-264,-937,331,820,-345,756,561,-526,-11,35,-207,-494,517,-693,-336,301,134,-65,-240
    -7    ,   61,   -13 ,  11,-62    
61.9084,87.8768,17.9388,-45.79,-46.02,-85.25,-48.7407,97.87,-46.74,27.964,-62.4027,3.5
-71.8,77.7,-6.36,-83.1,24.09,43.3,-66.227,38.0,-93.94
b,Oa
-93.7,80.0,-80.6,-98.4,-60.87,-40.21,13.77,-73.197
,30,10,41,23,32,42,17,46
MXN403,#395
752,-799,-913,-999
-561,587,-866
626,67,-708,841,-696,324,-1,704,-191,187,-876,-528,821,222
-132,-981,-586,950,-34,498,-403,532,-676,993,285,791
951,-377,570,637,-956,-543,15,-650,738,506,869,-26,595,-783,-696,848,-634
44,   94 ,  -93   ,   -87 ,    81   , -94   ,  17,     82   
-851,334,-236,688,-674
2     ,  -82     ,47   ,   -43  , -22   ,-100     ,58 , 51,     -49  
.55,-.68,.13
12.4,-95.3377
          
-264
-6,4,-9,3,-4,-5,7,8,-1,-10,4,-7,-4,10,-10,4,-7,5,-6,-9,0,-3,8,4,7,5,8,4,-7,-3,-5,-8,-3,1,-3,-2,10,-7,9,-7,8,-2,5,6,-10,-8,-4,-10,-7,7,-8,4,-2,8,8,-6,-9,-6,6,-10,-4,-2,-4,2,-5,-10,-5,-1,1,-9,4,2,-1,-2,-8,-3,-7,-6,1,-5,-4,-7,3,-6,9,5,2,1,3,9,8,-7,-9,-5,10,5,9,-5,8,8,3,7,6,-7,-1,-8,-9,4,2,6,-5,-4,-1,10,9,1,9,-2,-10,1,8,7,7,-6,-3,4,-4,2,9,1,3,-6,-10,-4,-4,-4,-6,6,7,0,-9,-6,8,-4,8,-8,0,3,-6,10,-1,-6,-2,10,-4,8,4,2,10,0,0,-5,7,-9,7,-9,3,7,9,5,-4,3,6,10,10,-3,-7,-8,-5,-6,-4,-7,-4,-8,2,-7,1,1,4,-2,-7,-10,1,-7,5,4,5,-10,-7,10,6,3,7,0,-3,10,-7,-9,8,-5,-9,-3,-7,3,1,-6,-5,-2,-2,2,-2,-8,4,10,8,-5,5,-9,-7,9,-8,2,-10,-5,-9,10,-10,-3,10,-1,-6,7,0,-1,6,-2,0,4,10,4,5,-4,7,-7,9,5,-2,4,1,4,-8,-7,-4,-5,-7,4,-8,7,-1,8,-6,-2,10,-1,0,-8,4,3,-6,10,-8,-3,-4,7,-8,3,-1,10,9,-2,0,5,-1,-6,0,-2,-6,-4,-6,3,8,8,0,-7,-5,0,-6,10,5,-10,0,-5,-6,8,-2,-5,3,-10,-9,-7,-9,5,4,-5,1,-2,-7,2,9,4,0,5,7,-1,-8,8,-8,-1,5,-6,-10,-6,10,-3,8,4,-8,9,-4,0,-8,5,2,2,-1,-9,10,-8,10,-10,5,-9,-9,6,-1,-2,-2,5,-9,1,-9,9,5,-10,3,-4,1,1,-2,-10,2,4,-3,-2,8,-7,-1,10,-5,7,-4,9,1,6,1,10
19.9453,3.79,-89.16,-32.7791,-88.616,80.74,-13.881,-78.7,-55.638
29,-853,14,241,910,525,706,-516,-564,-142,812,201,-353,-29,-285,421,-704
 58     ,  40,  85  ,  30   , -78, 24   , 99   ,     21    ,  -67 
-350,-418,-152,-388,-167,-13,-195
  -61 ,  95,    93, 32   ,   -47     ,     8,    -25 ,   37 ,   15     ,    -86   
,42,
  84,    0,  -57   ,-62     ,  89     ,   -62, -52    ,   35     
852,-945,796
D62m
-459,226,331,-960,-143,286,-827,758
 13,49 ,  -19     ,   -9    ,65    ,   -90 ,   36   
997,556,12,296,160,943,119,-692,786,112,727,-343,880,-573,-807,-606,-215
#572
HZaKL,EQCFC,M,T
wpH,ju
€720,USD779
    37     ,   77

42.1,73.119
-.94,-.79,-.65,-.12,.25
$666
46W4D,BA437,304N,m7Z1x4,ME154,43gh2,]En473,4fyB1,20Rew7,78W0
-883,-499,-580,-614,565,649,-648,-708,-856,-406,845,-632,-810
Q,gH

1,4,8,3,9,-7,-3,-2,9,-10,-3,-2,10,6,10,-1,-8,8,-8,4,-5,-3,-7,-10,-10,5,-6,-8,-7,3,5,4,0,6,-6,4,3,6,-4,2,10,-4,2,1,10,4,-6,-7,5,9,7,4,6,8,7,-10,5,-9,2,0,-8,4,5,-5,9,7,5,0,3,-10,3,9,9,-10,-6,-9,9,-10,2,8,-6,10,6,-1,5,7,7,5,10,-6,-6,5,2,-1,2,-8,3,-9,-6,4,5,5,-1,-8,5,8,4,9,0,4,-1,-8,-3,2,7,3,-1,8,10,10,6,-8,4,7,-9,-7,0,2,10,0,-1,3,5,-8,-2,5,10,5,-4,2,8,-10,2,9,-9,9,6,3,-6,-9,-5,1,-7,9
0Y,6%05(,27U9dA,k847
       
12.8,-52.51,94.959,-81.4892,3.61,98.8,47.68,40.9472,77.68,12.52,-91.4,-84.44,1.6,75.7,80.0
299,115
721,-855,-870,-155,212
930,-397,-510,-694,-918,-964,465,861,510
iG,qWqT,rxcc,JZjqt,Tseh
-42.875,62.41,-51.581,28.5601
30.622,-5.2986,65.3
  74     ,37    ,84     , 46 , -11,   -97  ,     87  ,     -33     
796,-404,532,-69,703,-809,502,620,-688,574,-706
#323,MXN924,MXN235,#561
944,945,261,743,-267,639,-787,-602,-359
5,30,28,39,7,34,49,12,
   
626,254,492,-584,-665,518,339,-95,156,564,-140,-48,-512,-147,507
-419,-76,-591,128,-772,-665,-962
